1 1 65
1 2 72
1 3 94
1 4 122
1 5 144
1 6 156
1 7 138
1 8 162
1 9 155
1 10 189
1 11 196
1 12 212
1 13 215
1 14 187
1 15 168
1 16 163
1 17 179
1 18 164
1 19 181
1 20 193
1 21 186
1 22 165
1 23 172
1 24 164
1 25 186
1 26 184
1 27 195
1 28 199
1 29 205
1 30 184
1 31 173
1 32 170
1 33 189
1 34 183
1 35 192
1 36 168
1 37 181
1 38 173
1 39 162
1 40 190
1 41 183
1 42 178
1 43 174
1 44 198
1 45 184
1 46 165
1 47 166
1 48 161
1 49 181
1 50 170
1 51 179
1 52 155
1 53 156
1 54 162
1 55 169
1 56 151
1 57 162
1 58 161
1 59 149
1 60 163
1 61 178
1 62 183
1 63 176
1 64 180
1 65 184
1 66 158
1 67 176
1 68 159
1 69 173
1 70 196
1 71 178
1 72 174
1 73 184
1 74 170
1 75 173
1 76 165
1 77 186
1 78 170
1 79 182
1 80 159
1 81 165
1 82 180
1 83 161
1 84 166
1 85 202
1 86 196
1 87 202
1 88 187
1 89 193
1 90 198
1 91 180
1 92 153
1 93 139
1 94 149
1 95 155
1 96 159
1 97 176
1 98 173
1 99 158
1 100 169
avg 1  6.5000000000000000E+001
avg 2  7.2000000000000000E+001
avg 3  9.4000000000000000E+001
avg 4  1.2200000000000000E+002
avg 5  1.4400000000000000E+002
avg 6  1.5600000000000000E+002
avg 7  1.3800000000000000E+002
avg 8  1.6200000000000000E+002
avg 9  1.5500000000000000E+002
avg 10  1.8900000000000000E+002
avg 11  1.9600000000000000E+002
avg 12  2.1200000000000000E+002
avg 13  2.1500000000000000E+002
avg 14  1.8700000000000000E+002
avg 15  1.6800000000000000E+002
avg 16  1.6300000000000000E+002
avg 17  1.7900000000000000E+002
avg 18  1.6400000000000000E+002
avg 19  1.8100000000000000E+002
avg 20  1.9300000000000000E+002
avg 21  1.8600000000000000E+002
avg 22  1.6500000000000000E+002
avg 23  1.7200000000000000E+002
avg 24  1.6400000000000000E+002
avg 25  1.8600000000000000E+002
avg 26  1.8400000000000000E+002
avg 27  1.9500000000000000E+002
avg 28  1.9900000000000000E+002
avg 29  2.0500000000000000E+002
avg 30  1.8400000000000000E+002
avg 31  1.7300000000000000E+002
avg 32  1.7000000000000000E+002
avg 33  1.8900000000000000E+002
avg 34  1.8300000000000000E+002
avg 35  1.9200000000000000E+002
avg 36  1.6800000000000000E+002
avg 37  1.8100000000000000E+002
avg 38  1.7300000000000000E+002
avg 39  1.6200000000000000E+002
avg 40  1.9000000000000000E+002
avg 41  1.8300000000000000E+002
avg 42  1.7800000000000000E+002
avg 43  1.7400000000000000E+002
avg 44  1.9800000000000000E+002
avg 45  1.8400000000000000E+002
avg 46  1.6500000000000000E+002
avg 47  1.6600000000000000E+002
avg 48  1.6100000000000000E+002
avg 49  1.8100000000000000E+002
avg 50  1.7000000000000000E+002
avg 51  1.7900000000000000E+002
avg 52  1.5500000000000000E+002
avg 53  1.5600000000000000E+002
avg 54  1.6200000000000000E+002
avg 55  1.6900000000000000E+002
avg 56  1.5100000000000000E+002
avg 57  1.6200000000000000E+002
avg 58  1.6100000000000000E+002
avg 59  1.4900000000000000E+002
avg 60  1.6300000000000000E+002
avg 61  1.7800000000000000E+002
avg 62  1.8300000000000000E+002
avg 63  1.7600000000000000E+002
avg 64  1.8000000000000000E+002
avg 65  1.8400000000000000E+002
avg 66  1.5800000000000000E+002
avg 67  1.7600000000000000E+002
avg 68  1.5900000000000000E+002
avg 69  1.7300000000000000E+002
avg 70  1.9600000000000000E+002
avg 71  1.7800000000000000E+002
avg 72  1.7400000000000000E+002
avg 73  1.8400000000000000E+002
avg 74  1.7000000000000000E+002
avg 75  1.7300000000000000E+002
avg 76  1.6500000000000000E+002
avg 77  1.8600000000000000E+002
avg 78  1.7000000000000000E+002
avg 79  1.8200000000000000E+002
avg 80  1.5900000000000000E+002
avg 81  1.6500000000000000E+002
avg 82  1.8000000000000000E+002
avg 83  1.6100000000000000E+002
avg 84  1.6600000000000000E+002
avg 85  2.0200000000000000E+002
avg 86  1.9600000000000000E+002
avg 87  2.0200000000000000E+002
avg 88  1.8700000000000000E+002
avg 89  1.9300000000000000E+002
avg 90  1.9800000000000000E+002
avg 91  1.8000000000000000E+002
avg 92  1.5300000000000000E+002
avg 93  1.3900000000000000E+002
avg 94  1.4900000000000000E+002
avg 95  1.5500000000000000E+002
avg 96  1.5900000000000000E+002
avg 97  1.7600000000000000E+002
avg 98  1.7300000000000000E+002
avg 99  1.5800000000000000E+002
avg 100  1.6900000000000000E+002
