1 1 9
1 2 7
1 3 11
1 4 12
1 5 10
1 6 13
1 7 13
1 8 14
1 9 18
1 10 26
1 11 37
1 12 38
1 13 47
1 14 59
1 15 66
1 16 70
1 17 90
1 18 110
1 19 133
1 20 138
1 21 161
1 22 151
1 23 154
1 24 187
1 25 148
1 26 165
1 27 181
1 28 169
1 29 193
1 30 181
1 31 162
1 32 173
1 33 184
1 34 185
1 35 177
1 36 172
1 37 168
1 38 174
1 39 152
1 40 167
1 41 183
1 42 173
1 43 164
1 44 152
1 45 182
1 46 202
1 47 189
1 48 176
1 49 191
1 50 174
1 51 197
1 52 194
1 53 206
1 54 177
1 55 162
1 56 157
1 57 156
1 58 161
1 59 146
1 60 176
1 61 168
1 62 158
1 63 163
1 64 132
1 65 139
1 66 151
1 67 152
1 68 161
1 69 161
1 70 176
1 71 182
1 72 171
1 73 167
1 74 151
1 75 158
1 76 166
1 77 167
1 78 171
1 79 159
1 80 160
1 81 162
1 82 157
1 83 166
1 84 164
1 85 161
1 86 151
1 87 149
1 88 171
1 89 180
1 90 185
1 91 205
1 92 185
1 93 175
1 94 173
1 95 158
1 96 158
1 97 179
1 98 176
1 99 189
1 100 193
avg 1  9.00000000000000000000E+0000
avg 2  7.00000000000000000000E+0000
avg 3  1.10000000000000000000E+0001
avg 4  1.20000000000000000000E+0001
avg 5  1.00000000000000000000E+0001
avg 6  1.30000000000000000000E+0001
avg 7  1.30000000000000000000E+0001
avg 8  1.40000000000000000000E+0001
avg 9  1.80000000000000000000E+0001
avg 10  2.60000000000000000000E+0001
avg 11  3.70000000000000000000E+0001
avg 12  3.80000000000000000000E+0001
avg 13  4.70000000000000000000E+0001
avg 14  5.90000000000000000000E+0001
avg 15  6.60000000000000000000E+0001
avg 16  7.00000000000000000000E+0001
avg 17  9.00000000000000000000E+0001
avg 18  1.10000000000000000000E+0002
avg 19  1.33000000000000000000E+0002
avg 20  1.38000000000000000000E+0002
avg 21  1.61000000000000000000E+0002
avg 22  1.51000000000000000000E+0002
avg 23  1.54000000000000000000E+0002
avg 24  1.87000000000000000000E+0002
avg 25  1.48000000000000000000E+0002
avg 26  1.65000000000000000000E+0002
avg 27  1.81000000000000000000E+0002
avg 28  1.69000000000000000000E+0002
avg 29  1.93000000000000000000E+0002
avg 30  1.81000000000000000000E+0002
avg 31  1.62000000000000000000E+0002
avg 32  1.73000000000000000000E+0002
avg 33  1.84000000000000000000E+0002
avg 34  1.85000000000000000000E+0002
avg 35  1.77000000000000000000E+0002
avg 36  1.72000000000000000000E+0002
avg 37  1.68000000000000000000E+0002
avg 38  1.74000000000000000000E+0002
avg 39  1.52000000000000000000E+0002
avg 40  1.67000000000000000000E+0002
avg 41  1.83000000000000000000E+0002
avg 42  1.73000000000000000000E+0002
avg 43  1.64000000000000000000E+0002
avg 44  1.52000000000000000000E+0002
avg 45  1.82000000000000000000E+0002
avg 46  2.02000000000000000000E+0002
avg 47  1.89000000000000000000E+0002
avg 48  1.76000000000000000000E+0002
avg 49  1.91000000000000000000E+0002
avg 50  1.74000000000000000000E+0002
avg 51  1.97000000000000000000E+0002
avg 52  1.94000000000000000000E+0002
avg 53  2.06000000000000000000E+0002
avg 54  1.77000000000000000000E+0002
avg 55  1.62000000000000000000E+0002
avg 56  1.57000000000000000000E+0002
avg 57  1.56000000000000000000E+0002
avg 58  1.61000000000000000000E+0002
avg 59  1.46000000000000000000E+0002
avg 60  1.76000000000000000000E+0002
avg 61  1.68000000000000000000E+0002
avg 62  1.58000000000000000000E+0002
avg 63  1.63000000000000000000E+0002
avg 64  1.32000000000000000000E+0002
avg 65  1.39000000000000000000E+0002
avg 66  1.51000000000000000000E+0002
avg 67  1.52000000000000000000E+0002
avg 68  1.61000000000000000000E+0002
avg 69  1.61000000000000000000E+0002
avg 70  1.76000000000000000000E+0002
avg 71  1.82000000000000000000E+0002
avg 72  1.71000000000000000000E+0002
avg 73  1.67000000000000000000E+0002
avg 74  1.51000000000000000000E+0002
avg 75  1.58000000000000000000E+0002
avg 76  1.66000000000000000000E+0002
avg 77  1.67000000000000000000E+0002
avg 78  1.71000000000000000000E+0002
avg 79  1.59000000000000000000E+0002
avg 80  1.60000000000000000000E+0002
avg 81  1.62000000000000000000E+0002
avg 82  1.57000000000000000000E+0002
avg 83  1.66000000000000000000E+0002
avg 84  1.64000000000000000000E+0002
avg 85  1.61000000000000000000E+0002
avg 86  1.51000000000000000000E+0002
avg 87  1.49000000000000000000E+0002
avg 88  1.71000000000000000000E+0002
avg 89  1.80000000000000000000E+0002
avg 90  1.85000000000000000000E+0002
avg 91  2.05000000000000000000E+0002
avg 92  1.85000000000000000000E+0002
avg 93  1.75000000000000000000E+0002
avg 94  1.73000000000000000000E+0002
avg 95  1.58000000000000000000E+0002
avg 96  1.58000000000000000000E+0002
avg 97  1.79000000000000000000E+0002
avg 98  1.76000000000000000000E+0002
avg 99  1.89000000000000000000E+0002
avg 100  1.93000000000000000000E+0002
